Freestream Conditions:
Mach:               0.30
Flow AOA:           0.00 deg
u Velocity:       102.47 m/s
v Velocity:         0.00 m/s
Pressure:      1.00e+005 Pa
Temperature:      300.00 K
Density:            1.20 kg/m^3

Iteration Variables:
Iterations:    1000
CFL:           0.50
M-Stage:          4
Timestepping  local


Iter  cont. resid  x-mom resid  y-mom resid  energy resid  Time left
  10    4.16e-001    7.67e-001    5.37e+000     4.17e-001    75:40
  20    2.97e-001    6.81e-001    3.59e+000     2.98e-001    74:54
  30    2.42e-001    6.74e-001    2.80e+000     2.43e-001    74:08
  40    2.13e-001    6.82e-001    2.27e+000     2.14e-001    73:22
  50    2.20e-001    6.77e-001    1.73e+000     2.21e-001    72:37
  60    2.37e-001    6.71e-001    7.73e-001     2.37e-001    71:51
  70    2.02e-001    6.32e-001    8.85e-001     2.00e-001    71:05
  80    1.80e-001    5.69e-001    1.03e+000     1.76e-001    70:33
  90    1.72e-001    5.92e-001    8.56e-001     1.68e-001    68:51
 100    1.58e-001    6.03e-001    8.44e-001     1.55e-001    69:01
 110    1.57e-001    5.49e-001    8.35e-001     1.54e-001    68:29
 120    1.56e-001    4.68e-001    8.78e-001     1.54e-001    67:29
 130    1.44e-001    3.95e-001    1.01e+000     1.42e-001    66:57
 140    1.34e-001    3.46e-001    1.04e+000     1.31e-001    65:44
 150    1.35e-001    3.16e-001    8.60e-001     1.33e-001    65:11
 160    1.43e-001    2.94e-001    5.14e-001     1.42e-001    63:59
 170    1.41e-001    2.73e-001    4.80e-001     1.39e-001    63:13
 180    1.22e-001    2.58e-001    8.29e-001     1.20e-001    62:40
 190    9.24e-002    2.64e-001    1.08e+000     9.00e-002    61:55
 200    6.48e-002    2.90e-001    1.16e+000     6.21e-002    61:09
 210    5.64e-002    3.25e-001    1.06e+000     5.45e-002    60:35
 220    7.04e-002    3.57e-001    8.10e-001     6.97e-002    59:37
 230    8.52e-002    3.79e-001    4.63e-001     8.53e-002    58:39
 240    9.12e-002    3.90e-001    1.60e-001     9.21e-002    59:04
 250    9.08e-002    3.87e-001    2.45e-001     9.28e-002    57:19
 260    8.91e-002    3.71e-001    4.00e-001     9.24e-002    56:45
 270    8.93e-002    3.43e-001    4.50e-001     9.35e-002    55:59
 280    9.08e-002    3.13e-001    3.96e-001     9.56e-002    59:09
 290    9.03e-002    2.90e-001    3.02e-001     9.55e-002    54:27
 300    8.46e-002    2.80e-001    3.22e-001     9.02e-002    54:57
 310    7.34e-002    2.79e-001    4.46e-001     7.96e-002    52:44
 320    6.09e-002    2.81e-001    5.36e-001     6.76e-002    52:51
 330    5.42e-002    2.81e-001    5.33e-001     6.07e-002    51:12
 340    5.62e-002    2.76e-001    4.38e-001     6.17e-002    50:16
 350    6.12e-002    2.66e-001    3.06e-001     6.60e-002    49:51
 360    6.31e-002    2.53e-001    2.66e-001     6.77e-002    49:35
 370    6.00e-002    2.36e-001    3.64e-001     6.48e-002    48:09
 380    5.39e-002    2.15e-001    4.61e-001     5.90e-002    47:23
 390    4.88e-002    1.91e-001    4.86e-001     5.37e-002    46:37
 400    4.65e-002    1.65e-001    4.27e-001     5.05e-002    45:51
 410    4.55e-002    1.39e-001    3.01e-001     4.82e-002    47:24
 420    4.27e-002    1.16e-001    1.50e-001     4.43e-002    44:29
 430    3.70e-002    1.00e-001    8.83e-002     3.78e-002    43:43
 440    2.97e-002    9.33e-002    1.77e-001     3.03e-002    42:48
 450    2.42e-002    9.47e-002    2.38e-001     2.54e-002    42:02
 460    2.36e-002    9.93e-002    2.44e-001     2.56e-002    41:16
 470    2.59e-002    1.02e-001    2.05e-001     2.82e-002    43:40
 480    2.72e-002    1.01e-001    1.46e-001     2.94e-002    39:44
 490    2.59e-002    9.56e-002    1.08e-001     2.77e-002    38:51
 500    2.23e-002    8.60e-002    1.15e-001     2.36e-002    38:13
 510    1.82e-002    7.46e-002    1.32e-001     1.88e-002    37:27
 520    1.56e-002    6.40e-002    1.29e-001     1.54e-002    36:41
 530    1.50e-002    5.62e-002    1.06e-001     1.44e-002    35:55
 540    1.53e-002    5.18e-002    7.62e-002     1.47e-002    35:02
 550    1.54e-002    4.93e-002    6.71e-002     1.48e-002    34:30
 560    1.48e-002    4.67e-002    8.47e-002     1.45e-002    33:38
 570    1.40e-002    4.30e-002    1.04e-001     1.39e-002    32:58
 580    1.33e-002    3.88e-002    1.12e-001     1.33e-002    32:06
 590    1.28e-002    3.54e-002    1.07e-001     1.29e-002    31:26
 600    1.23e-002    3.41e-002    9.00e-002     1.24e-002    30:47
 610    1.19e-002    3.50e-002    6.38e-002     1.20e-002    29:36
 620    1.16e-002    3.67e-002    3.43e-002     1.17e-002    29:08
 630    1.11e-002    3.78e-002    2.89e-002     1.13e-002    28:16
 640    1.02e-002    3.77e-002    5.77e-002     1.05e-002    27:31
 650    8.93e-003    3.64e-002    8.59e-002     9.39e-003    26:50
 660    7.57e-003    3.44e-002    1.03e-001     8.21e-003    26:04
 670    6.97e-003    3.24e-002    1.05e-001     7.71e-003    25:13
 680    7.49e-003    3.06e-002    9.14e-002     8.14e-003    24:27
 690    8.37e-003    2.88e-002    6.57e-002     8.86e-003    23:41
 700    8.71e-003    2.70e-002    3.69e-002     9.06e-003    22:55
 710    8.16e-003    2.49e-002    2.86e-002     8.42e-003    22:05
 720    6.99e-003    2.26e-002    4.59e-002     7.21e-003    21:32
 730    6.04e-003    2.04e-002    5.91e-002     6.27e-003    20:42
 740    6.13e-003    1.83e-002    6.02e-002     6.39e-003    19:52
 750    6.95e-003    1.69e-002    5.06e-002     7.21e-003    19:10
 760    7.50e-003    1.66e-002    3.73e-002     7.74e-003    18:20
 770    7.24e-003    1.72e-002    3.31e-002     7.44e-003    17:38
 780    6.20e-003    1.85e-002    4.05e-002     6.33e-003    16:49
 790    4.93e-003    1.97e-002    4.65e-002     4.98e-003    16:03
 800    4.41e-003    2.04e-002    4.35e-002     4.37e-003    15:17
 810    4.95e-003    2.01e-002    3.07e-002     4.89e-003    14:43
 820    5.66e-003    1.91e-002    1.23e-002     5.61e-003    13:45
 830    5.77e-003    1.74e-002    1.72e-002     5.75e-003    13:12
 840    5.12e-003    1.55e-002    3.68e-002     5.12e-003    12:16
 850    4.01e-003    1.36e-002    5.02e-002     4.03e-003    11:46
 860    3.19e-003    1.20e-002    5.36e-002     3.21e-003    10:44
 870    3.39e-003    1.10e-002    4.65e-002     3.40e-003     9:58
 880    4.08e-003    1.05e-002    3.10e-002     4.08e-003     9:14
 890    4.43e-003    1.03e-002    1.19e-002     4.43e-003     8:27
 900    4.14e-003    1.02e-002    1.30e-002     4.14e-003     7:41
 910    3.30e-003    1.03e-002    2.85e-002     3.34e-003     6:52
 920    2.42e-003    1.04e-002    3.76e-002     2.56e-003     6:08
 930    2.30e-003    1.07e-002    3.84e-002     2.54e-003     5:23
 940    2.92e-003    1.10e-002    3.18e-002     3.18e-003     4:37
 950    3.45e-003    1.12e-002    2.08e-002     3.68e-003     3:50
 960    3.48e-003    1.10e-002    1.27e-002     3.69e-003     3:04
 970    2.98e-003    1.05e-002    1.66e-002     3.16e-003     2:17
 980    2.18e-003    9.71e-003    2.30e-002     2.34e-003     1:32
 990    1.61e-003    8.70e-003    2.49e-002     1.74e-003     0:46
1000    1.81e-003    7.62e-003    2.11e-002     1.88e-003     0:00
Elapsed time is 4609.065844 seconds.
