Freestream Conditions:
Mach:               1.50
Flow AOA:           0.00 deg
u Velocity:       512.35 m/s
v Velocity:         0.00 m/s
Pressure:      1.00e+005 Pa
Temperature:      300.00 K
Density:            1.20 kg/m^3

Iteration Variables:
Iterations:    1000
CFL:           0.50
M-Stage:          4
Timestepping  local


Iter  cont. resid  x-mom resid  y-mom resid  energy resid  Time left
  10    4.52e-001    4.46e-001    1.20e+001     4.48e-001    68:28
  20    3.95e-001    3.98e-001    9.08e+000     3.96e-001    67:00
  30    3.25e-001    3.32e-001    7.15e+000     3.26e-001    65:49
  40    2.74e-001    2.85e-001    6.14e+000     2.77e-001    66:23
  50    2.44e-001    2.57e-001    5.35e+000     2.47e-001    64:42
  60    2.22e-001    2.36e-001    4.74e+000     2.24e-001    63:47
  70    2.06e-001    2.17e-001    4.22e+000     2.06e-001    64:19
  80    1.94e-001    1.96e-001    3.70e+000     1.88e-001    62:25
  90    1.85e-001    1.74e-001    3.06e+000     1.71e-001    61:30
 100    1.82e-001    1.67e-001    2.36e+000     1.66e-001    61:46
 110    1.75e-001    1.64e-001    2.04e+000     1.62e-001    60:23
 120    1.57e-001    1.41e-001    2.24e+000     1.42e-001    59:43
 130    1.34e-001    1.08e-001    2.49e+000     1.13e-001    59:15
 140    1.16e-001    8.70e-002    2.51e+000     9.32e-002    58:21
 150    1.06e-001    8.06e-002    2.34e+000     8.46e-002    59:00
 160    9.98e-002    7.93e-002    2.08e+000     8.10e-002    57:00
 170    9.38e-002    7.51e-002    1.87e+000     7.61e-002    56:06
 180    8.54e-002    6.51e-002    1.80e+000     6.73e-002    55:38
 190    7.70e-002    5.39e-002    1.80e+000     5.87e-002    55:10
 200    7.30e-002    4.99e-002    1.73e+000     5.69e-002    54:17
 210    7.38e-002    5.38e-002    1.57e+000     6.13e-002    53:36
 220    7.57e-002    5.83e-002    1.36e+000     6.60e-002    52:55
 230    7.58e-002    5.94e-002    1.15e+000     6.73e-002    52:27
 240    7.35e-002    5.66e-002    9.94e-001     6.51e-002    51:34
 250    6.95e-002    5.14e-002    8.87e-001     6.07e-002    50:53
 260    6.46e-002    4.55e-002    8.14e-001     5.53e-002    50:01
 270    5.99e-002    3.98e-002    7.57e-001     5.01e-002    49:43
 280    5.56e-002    3.49e-002    7.04e-001     4.55e-002    48:51
 290    5.19e-002    3.09e-002    6.53e-001     4.16e-002    48:10
 300    4.87e-002    2.77e-002    6.02e-001     3.84e-002    47:30
 310    4.61e-002    2.50e-002    5.52e-001     3.56e-002    46:49
 320    4.37e-002    2.27e-002    5.03e-001     3.33e-002    46:08
 330    4.17e-002    2.07e-002    4.57e-001     3.11e-002    45:17
 340    4.00e-002    1.89e-002    4.12e-001     2.92e-002    44:36
 350    3.84e-002    1.72e-002    3.69e-001     2.74e-002    43:56
 360    3.70e-002    1.58e-002    3.28e-001     2.58e-002    43:25
 370    3.58e-002    1.45e-002    2.89e-001     2.44e-002    42:45
 380    3.47e-002    1.33e-002    2.53e-001     2.31e-002    42:14
 390    3.37e-002    1.23e-002    2.19e-001     2.19e-002    41:23
 400    3.28e-002    1.14e-002    1.87e-001     2.08e-002    40:14
 410    3.20e-002    1.06e-002    1.59e-001     1.99e-002    39:53
 420    3.13e-002    9.97e-003    1.33e-001     1.90e-002    39:21
 430    3.06e-002    9.43e-003    1.11e-001     1.82e-002    38:49
 440    2.99e-002    8.98e-003    9.26e-002     1.76e-002    38:08
 450    2.93e-002    8.62e-003    7.92e-002     1.70e-002    37:19
 460    2.87e-002    8.32e-003    7.13e-002     1.64e-002    36:38
 470    2.81e-002    8.08e-003    6.88e-002     1.59e-002    35:57
 480    2.74e-002    7.88e-003    7.09e-002     1.54e-002    35:25
 490    2.68e-002    7.71e-003    7.59e-002     1.49e-002    34:28
 500    2.62e-002    7.55e-003    8.23e-002     1.45e-002    33:55
 510    2.55e-002    7.40e-003    8.91e-002     1.41e-002    33:22
 520    2.49e-002    7.26e-003    9.56e-002     1.37e-002    32:34
 530    2.42e-002    7.11e-003    1.02e-001     1.33e-002    31:46
 540    2.35e-002    6.95e-003    1.07e-001     1.29e-002    31:05
 550    2.28e-002    6.79e-003    1.11e-001     1.25e-002    30:32
 560    2.21e-002    6.62e-003    1.15e-001     1.21e-002    29:37
 570    2.14e-002    6.43e-003    1.17e-001     1.17e-002    29:04
 580    2.07e-002    6.24e-003    1.19e-001     1.13e-002    28:23
 590    2.00e-002    6.04e-003    1.20e-001     1.09e-002    27:49
 600    1.92e-002    5.83e-003    1.20e-001     1.05e-002    27:14
 610    1.85e-002    5.61e-003    1.20e-001     1.01e-002    26:21
 620    1.78e-002    5.39e-003    1.19e-001     9.69e-003    25:59
 630    1.71e-002    5.17e-003    1.17e-001     9.29e-003    25:12
 640    1.64e-002    4.94e-003    1.15e-001     8.90e-003    24:20
 650    1.57e-002    4.71e-003    1.13e-001     8.52e-003    23:45
 660    1.50e-002    4.48e-003    1.10e-001     8.15e-003    23:41
 670    1.43e-002    4.26e-003    1.07e-001     7.78e-003    22:23
 680    1.36e-002    4.04e-003    1.04e-001     7.41e-003    21:47
 690    1.30e-002    3.82e-003    1.00e-001     7.06e-003    20:57
 700    1.24e-002    3.60e-003    9.68e-002     6.72e-003    20:26
 710    1.18e-002    3.40e-003    9.31e-002     6.38e-003    19:40
 720    1.12e-002    3.20e-003    8.93e-002     6.06e-003    18:55
 730    1.06e-002    3.00e-003    8.54e-002     5.74e-003    18:15
 740    1.00e-002    2.81e-003    8.15e-002     5.44e-003    17:38
 750    9.48e-003    2.64e-003    7.77e-002     5.15e-003    16:54
 760    8.96e-003    2.46e-003    7.39e-002     4.87e-003    16:17
 770    8.46e-003    2.30e-003    7.01e-002     4.59e-003    15:40
 780    7.98e-003    2.14e-003    6.64e-002     4.33e-003    14:55
 790    7.52e-003    2.00e-003    6.28e-002     4.08e-003    14:21
 800    7.07e-003    1.86e-003    5.92e-002     3.84e-003    13:37
 810    6.65e-003    1.73e-003    5.58e-002     3.62e-003    12:53
 820    6.25e-003    1.60e-003    5.25e-002     3.40e-003    12:12
 830    5.86e-003    1.48e-003    4.93e-002     3.19e-003    11:29
 840    5.49e-003    1.37e-003    4.62e-002     2.99e-003    10:51
 850    5.14e-003    1.27e-003    4.33e-002     2.80e-003    10:10
 860    4.81e-003    1.18e-003    4.05e-002     2.62e-003     9:30
 870    4.49e-003    1.09e-003    3.78e-002     2.45e-003    11:21
 880    4.19e-003    1.00e-003    3.52e-002     2.29e-003     8:10
 890    3.91e-003    9.23e-004    3.28e-002     2.14e-003     7:27
 900    3.64e-003    8.50e-004    3.05e-002     1.99e-003     6:48
 910    3.39e-003    7.83e-004    2.83e-002     1.85e-003     6:06
 920    3.15e-003    7.20e-004    2.62e-002     1.72e-003     5:25
 930    2.92e-003    6.62e-004    2.43e-002     1.60e-003     4:46
 940    2.71e-003    6.08e-004    2.25e-002     1.49e-003     4:04
 950    2.51e-003    5.58e-004    2.08e-002     1.38e-003     3:23
 960    2.32e-003    5.11e-004    1.92e-002     1.28e-003     2:42
 970    2.15e-003    4.69e-004    1.77e-002     1.18e-003     2:02
 980    1.98e-003    4.29e-004    1.62e-002     1.09e-003     1:21
 990    1.83e-003    3.93e-004    1.49e-002     1.01e-003     0:40
1000    1.68e-003    3.59e-004    1.37e-002     9.30e-004     0:00
Elapsed time is 4096.290953 seconds.
